# Train       
80788.435389 
77811.857044 
77617.771327 
77576.143807 
77647.095766 
77568.292024 
77559.665701 
77731.607548 
77580.143681 
77745.835591 
77628.620275 
77751.633380 
77748.802262 
78316.262286 
78201.690335 
78326.757812 
78109.644279 
77976.614037 
78195.896358 
78368.155557 
78341.060137 
78481.751008 
78705.777029 
78557.920300 
78279.198715 
78360.905179 
78393.882497 
78714.017358 
78393.020476 
78552.450164 
78778.494865 
79010.325731 
78740.890373 
78651.077873 
78674.605469 
78512.711410 
78458.946636 
78415.813162 
78744.127237 
78861.348097 
78853.879725 
78689.950353 
78684.818233 
78712.854713 
79011.437815 
79130.206716 
79030.343277 
78808.928616 
79059.549395 
78804.777375 
78677.365612 
