# Train       
147873.781250 
94529.250000 
56902.828125 
38735.539062 
32024.542969 
26975.707031 
25425.003906 
24279.892578 
23972.556641 
22689.632812 
21903.183594 
21512.406250 
21724.535156 
21374.695312 
22151.650391 
22958.968750 
23239.503906 
23438.224609 
23098.792969 
22406.347656 
22436.191406 
22750.587891 
22836.769531 
22409.105469 
22437.164062 
22619.939453 
22128.843750 
22134.835938 
21548.507812 
22036.773438 
22258.285156 
22346.910156 
22329.914062 
22563.607422 
22708.414062 
22306.343750 
22170.931641 
22043.400391 
22226.894531 
22685.496094 
21843.529297 
21658.869141 
21801.414062 
21716.734375 
22240.394531 
22290.949219 
22263.207031 
22127.746094 
21788.191406 
21640.847656 
21340.714844 
21396.570312 
21813.433594 
21899.408203 
21696.628906 
21601.826172 
21964.585938 
21577.466797 
21310.125000 
21637.714844 
22178.492188 
21577.269531 
21572.537109 
22175.935547 
21779.953125 
21716.203125 
21290.367188 
21837.937500 
21429.017578 
20793.343750 
20876.039062 
20889.722656 
21060.222656 
21834.863281 
21352.339844 
20770.349609 
21201.300781 
20447.181641 
20856.541016 
20720.046875 
21483.820312 
21292.105469 
21872.023438 
21429.191406 
21261.734375 
20960.632812 
20682.083984 
20740.906250 
21221.083984 
21503.531250 
21423.722656 
20900.273438 
21484.285156 
21185.613281 
21048.437500 
20385.546875 
20655.941406 
21405.296875 
20857.451172 
20821.275391 
20663.949219 
20296.955078 
20368.062500 
20078.021484 
19942.806641 
20985.039062 
20534.140625 
21218.218750 
21708.152344 
20063.753906 
19496.164062 
20268.888672 
20941.535156 
20809.189453 
20869.685547 
20299.257812 
20334.289062 
20139.425781 
20103.888672 
20251.365234 
19759.824219 
20690.800781 
21375.578125 
21388.154297 
20517.941406 
20719.388672 
20555.742188 
20193.882812 
20544.796875 
20508.673828 
19895.681641 
21006.638672 
20233.902344 
20253.591797 
21047.335938 
20498.320312 
20778.105469 
20662.574219 
20754.636719 
20460.828125 
21275.968750 
20639.347656 
20502.031250 
20159.792969 
20116.800781 
20385.193359 
20194.414062 
20447.154297 
19956.341797 
19932.597656 
20631.650391 
20570.808594 
20872.488281 
21154.777344 
21152.625000 
19871.500000 
19713.546875 
20120.525391 
20211.335938 
19606.515625 
20150.035156 
20788.714844 
20644.667969 
20347.050781 
20633.357422 
20166.982422 
19308.970703 
19558.992188 
19584.162109 
20166.281250 
19558.257812 
19415.376953 
19569.410156 
19350.705078 
20119.007812 
20827.914062 
20759.375000 
21105.285156 
19714.941406 
19912.781250 
20851.191406 
20360.121094 
20042.128906 
20197.953125 
20089.859375 
20731.921875 
19182.328125 
19404.367188 
19472.962891 
19991.185547 
20014.007812 
20071.919922 
20507.031250 
20692.720703 
19487.011719 
19597.339844 
19421.625000 
20044.822266 
20017.919922 
20181.386719 
20071.734375 
20162.990234 
20067.052734 
19895.695312 
20056.312500 
20167.199219 
20093.703125 
19763.304688 
19299.062500 
19684.640625 
20968.468750 
20612.789062 
19989.726562 
19921.847656 
20029.552734 
20315.458984 
19515.806641 
19910.062500 
20126.634766 
20045.347656 
19858.816406 
19458.472656 
19186.492188 
19853.578125 
20246.039062 
20355.121094 
19686.552734 
19233.058594 
19666.671875 
20584.597656 
20318.886719 
20089.285156 
19984.984375 
19669.369141 
19711.742188 
19621.964844 
19811.441406 
20614.431641 
19318.917969 
19523.333984 
19303.587891 
19832.908203 
19446.654297 
19548.734375 
20046.226562 
21227.300781 
19862.673828 
19556.441406 
19868.847656 
19282.041016 
19322.271484 
19660.322266 
20111.726562 
19664.375000 
19540.285156 
19200.464844 
20704.593750 
20582.992188 
19525.054688 
19670.089844 
20102.660156 
20989.343750 
19602.167969 
19092.601562 
19292.523438 
20923.138672 
18951.429688 
19019.250000 
19835.816406 
20330.203125 
19769.023438 
19951.753906 
19489.070312 
19603.382812 
19937.089844 
20507.539062 
21001.769531 
19282.509766 
19552.574219 
19740.791016 
20011.812500 
19276.070312 
19147.605469 
19844.500000 
19824.519531 
20920.240234 
20210.546875 
19607.246094 
19645.771484 
19398.761719 
19795.357422 
19394.531250 
19553.041016 
19321.986328 
19604.208984 
19878.351562 
20134.310547 
20072.488281 
20657.765625 
19860.769531 
19674.353516 
19551.796875 
19794.289062 
19805.265625 
20012.917969 
20459.277344 
19397.197266 
18957.572266 
19030.347656 
19476.593750 
20161.792969 
19655.429688 
19609.433594 
19223.732422 
19790.855469 
19875.326172 
19943.156250 
19807.035156 
20128.570312 
19813.960938 
19963.195312 
20133.011719 
19845.562500 
19693.281250 
19613.031250 
19552.240234 
19238.902344 
20130.699219 
18953.669922 
18714.507812 
19322.789062 
20110.523438 
19963.316406 
19659.996094 
18778.080078 
18700.062500 
19331.275391 
20201.457031 
20223.503906 
19705.898438 
18835.652344 
19008.593750 
19252.488281 
19717.306641 
19427.300781 
19263.246094 
19673.781250 
19271.810547 
20224.017578 
19940.636719 
19837.490234 
18820.574219 
19364.332031 
19810.248047 
19398.640625 
20087.580078 
19534.675781 
19244.742188 
18936.132812 
19193.765625 
19865.441406 
20250.410156 
19469.464844 
19986.238281 
20683.894531 
19009.457031 
18799.609375 
19458.335938 
19740.312500 
20376.171875 
20270.710938 
19162.535156 
18802.365234 
19388.394531 
20090.423828 
19556.425781 
19203.095703 
19796.285156 
19793.974609 
18875.353516 
18779.324219 
19741.447266 
20269.185547 
19802.593750 
19099.996094 
18418.074219 
19344.351562 
20004.468750 
19459.587891 
18641.281250 
18553.976562 
19390.945312 
19008.908203 
19302.681641 
19440.570312 
20252.953125 
20007.871094 
18943.386719 
19219.460938 
18939.601562 
20164.781250 
18816.507812 
18784.697266 
19765.658203 
19190.761719 
19475.199219 
20273.802734 
19528.353516 
19210.503906 
19267.824219 
19112.847656 
19762.876953 
19785.810547 
20238.789062 
19037.351562 
18954.435547 
18507.765625 
19901.496094 
19296.708984 
19405.492188 
19215.738281 
19795.988281 
20468.601562 
19563.867188 
19098.449219 
19320.748047 
19998.513672 
18748.255859 
19654.480469 
19890.199219 
19188.408203 
19499.980469 
20157.263672 
19593.777344 
18647.285156 
19038.171875 
19970.857422 
19887.230469 
19117.718750 
19019.359375 
19468.177734 
19482.519531 
19648.447266 
19052.082031 
19403.529297 
20356.755859 
20466.570312 
19397.136719 
18863.871094 
19764.441406 
20842.117188 
19686.054688 
18704.419922 
18543.679688 
20320.531250 
20302.009766 
19286.722656 
19162.275391 
19724.058594 
20171.341797 
19291.472656 
19070.041016 
19212.601562 
19943.308594 
20054.675781 
19632.884766 
19518.445312 
19567.386719 
19929.953125 
20054.046875 
19945.011719 
19541.230469 
19159.142578 
19221.789062 
20130.607422 
19632.308594 
19468.724609 
20078.316406 
19919.757812 
19731.410156 
19024.132812 
19027.583984 
19475.328125 
19584.367188 
19677.507812 
19360.351562 
19096.951172 
20492.406250 
20386.466797 
19107.917969 
19067.769531 
19222.796875 
20170.703125 
20643.755859 
20534.542969 
19371.363281 
19319.111328 
19556.482422 
19733.763672 
19746.908203 
20117.484375 
19809.031250 
19638.500000 
19154.562500 
19221.632812 
20258.667969 
20819.765625 
19356.832031 
19237.222656 
19222.878906 
19105.986328 
19315.669922 
19737.800781 
19458.039062 
19247.537109 
19352.560547 
18590.003906 
20140.605469 
20196.652344 
19248.582031 
20162.789062 
19158.775391 
19786.347656 
19185.958984 
20012.531250 
19864.689453 
20044.177734 
18794.726562 
19172.691406 
19142.083984 
19649.769531 
19774.957031 
19666.572266 
18933.796875 
19331.351562 
19482.466797 
19683.255859 
19415.527344 
19292.367188 
19433.906250 
19535.777344 
20717.345703 
19633.017578 
19557.603516 
19203.039062 
19672.300781 
19570.183594 
20743.855469 
20020.896484 
19752.900391 
19849.867188 
19261.607422 
19195.814453 
19518.947266 
19377.097656 
19953.324219 
20132.650391 
20161.398438 
19145.720703 
19094.382812 
19749.230469 
19058.654297 
19219.328125 
19036.919922 
19410.578125 
19196.085938 
19189.746094 
19193.433594 
18674.123047 
19118.332031 
19168.265625 
19394.607422 
19531.642578 
19220.898438 
19389.957031 
19234.566406 
20110.470703 
19427.257812 
18989.953125 
19421.378906 
19177.408203 
19582.248047 
18915.152344 
19033.083984 
20100.593750 
19829.378906 
18932.488281 
18503.591797 
18877.160156 
19930.630859 
19518.271484 
19537.585938 
19409.683594 
19220.730469 
18403.126953 
18572.132812 
18847.652344 
19318.480469 
19499.671875 
19334.199219 
19185.992188 
18718.271484 
18520.378906 
18898.089844 
19399.970703 
19005.992188 
18762.851562 
17876.886719 
18188.750000 
18633.289062 
18888.179688 
19206.826172 
19197.882812 
18929.976562 
19148.808594 
19457.800781 
19768.994141 
20089.417969 
20075.773438 
18787.177734 
18428.544922 
19375.644531 
19381.105469 
19649.355469 
19275.558594 
18963.582031 
18084.496094 
18450.570312 
19272.681641 
19405.859375 
19676.765625 
19373.003906 
19087.019531 
18775.511719 
18824.199219 
19285.814453 
19626.578125 
20162.347656 
20232.992188 
19591.193359 
18662.664062 
18226.136719 
18682.679688 
19072.912109 
20375.500000 
19852.027344 
19602.062500 
18488.203125 
18883.718750 
19366.013672 
23564.900391 
18411.042969 
17811.603516 
18923.650391 
20070.453125 
20188.277344 
19557.898438 
18989.148438 
18487.505859 
18600.648438 
18729.378906 
18995.923828 
20657.603516 
19596.433594 
19388.667969 
18772.562500 
18524.423828 
18952.001953 
19088.851562 
18385.902344 
19172.000000 
19177.771484 
18892.160156 
18553.554688 
18486.417969 
18741.142578 
19520.474609 
19267.365234 
18750.273438 
19485.292969 
18512.974609 
18774.029297 
19040.539062 
18579.667969 
19748.724609 
18508.494141 
18460.136719 
19563.023438 
19997.849609 
19809.478516 
19497.742188 
18844.410156 
18561.320312 
18534.414062 
19273.609375 
21069.605469 
19748.050781 
18352.029297 
18778.585938 
19129.818359 
19304.833984 
18797.515625 
18781.750000 
18928.429688 
19222.259766 
19729.861328 
20484.535156 
20063.125000 
19418.093750 
19116.964844 
18967.841797 
19553.988281 
19301.175781 
19596.625000 
19229.625000 
19536.498047 
18824.562500 
19201.203125 
19356.767578 
19334.207031 
19103.542969 
18814.894531 
19103.404297 
19803.609375 
19923.574219 
19453.472656 
19213.914062 
18563.976562 
19011.054688 
20292.343750 
20684.363281 
19284.066406 
18698.222656 
19347.222656 
18965.597656 
19417.896484 
19738.365234 
19328.107422 
19283.781250 
19395.828125 
19153.941406 
18736.322266 
19569.390625 
19406.177734 
19582.593750 
18965.007812 
20171.447266 
18957.195312 
19510.246094 
19460.097656 
19650.140625 
19629.804688 
18983.480469 
18866.234375 
19193.699219 
19557.455078 
19173.015625 
19814.576172 
19184.820312 
19023.425781 
18948.320312 
18877.320312 
19010.505859 
18978.484375 
19254.335938 
19540.853516 
20014.582031 
19687.476562 
18939.017578 
19180.433594 
19738.875000 
19561.195312 
19860.351562 
19568.714844 
19902.277344 
19757.695312 
19578.248047 
19521.345703 
19654.082031 
19591.019531 
19397.025391 
18870.113281 
18637.820312 
19454.117188 
19860.419922 
19325.550781 
19329.427734 
19449.925781 
19195.121094 
19034.894531 
19095.236328 
19378.363281 
19563.804688 
19793.857422 
19414.097656 
19284.039062 
19263.304688 
19657.726562 
19398.966797 
19166.283203 
19847.316406 
19855.628906 
18717.750000 
19061.785156 
19150.935547 
19580.060547 
19348.656250 
19068.208984 
19042.478516 
19233.283203 
18602.384766 
19558.126953 
18905.597656 
19225.916016 
19588.628906 
19312.941406 
19660.318359 
19982.462891 
19733.308594 
19287.820312 
19500.751953 
19665.445312 
19280.554688 
19045.339844 
19760.601562 
20132.552734 
20787.753906 
19658.609375 
19518.027344 
19704.335938 
19664.166016 
19560.832031 
19829.023438 
20185.027344 
18751.933594 
18802.488281 
19229.390625 
19886.742188 
19206.767578 
18563.734375 
18853.605469 
19094.214844 
19294.349609 
19562.509766 
19626.500000 
19284.148438 
19400.810547 
19980.517578 
20285.074219 
18518.269531 
19112.910156 
19372.728516 
19216.937500 
20298.242188 
19158.718750 
19661.257812 
19910.437500 
19506.982422 
19618.664062 
19555.166016 
20014.582031 
19642.785156 
19784.435547 
20009.046875 
19534.109375 
19409.587891 
19694.261719 
19617.000000 
19713.294922 
20250.089844 
19776.250000 
19886.556641 
19161.375000 
19457.632812 
19981.507812 
19387.812500 
19521.111328 
20416.888672 
19550.027344 
19288.482422 
19647.234375 
19761.031250 
20033.035156 
20328.080078 
20145.050781 
19282.955078 
19086.111328 
19181.808594 
19592.679688 
20000.914062 
19829.781250 
19378.671875 
18952.117188 
19075.847656 
19501.074219 
20456.519531 
20007.144531 
19052.494141 
19599.410156 
20472.152344 
20569.390625 
20205.531250 
19556.990234 
19787.095703 
19643.951172 
19413.660156 
19692.460938 
20094.656250 
19579.714844 
19492.707031 
19435.250000 
19594.013672 
19762.789062 
20179.355469 
19547.792969 
19529.904297 
20132.632812 
20056.078125 
19732.214844 
19412.117188 
19588.750000 
19368.054688 
19715.498047 
19363.578125 
20102.261719 
19549.843750 
19641.458984 
19948.902344 
19826.035156 
19354.732422 
19339.414062 
19488.570312 
19636.019531 
19600.683594 
20333.691406 
19810.332031 
19519.667969 
19871.687500 
20461.871094 
20139.132812 
20121.695312 
19077.804688 
19563.273438 
20077.445312 
19691.218750 
18994.546875 
19192.011719 
19165.582031 
19599.453125 
19470.763672 
20011.988281 
19312.388672 
19329.679688 
19212.773438 
18542.386719 
19604.595703 
19819.912109 
19203.261719 
19854.957031 
19577.398438 
19055.445312 
19112.757812 
19235.562500 
20289.953125 
18902.914062 
19156.396484 
19202.496094 
19255.371094 
19141.675781 
18741.042969 
19197.941406 
20811.564453 
20051.689453 
18746.511719 
18586.242188 
19539.550781 
20079.515625 
19473.550781 
18748.367188 
18496.308594 
18928.056641 
19457.308594 
18927.609375 
18997.500000 
18793.365234 
18964.710938 
18895.496094 
19076.609375 
19035.673828 
18576.908203 
18839.939453 
19977.410156 
18904.177734 
18695.496094 
18903.867188 
18736.158203 
18586.494141 
18747.960938 
18964.966797 
20193.023438 
18638.714844 
18135.378906 
18162.031250 
19191.558594 
19090.259766 
20827.029297 
18870.044922 
18855.550781 
18959.328125 
18977.097656 
20270.984375 
19858.984375 
18981.503906 
18897.640625 
18524.078125 
18767.865234 
19428.414062 
18880.753906 
18582.214844 
18862.349609 
19009.105469 
19633.757812 
19697.175781 
19007.693359 
18358.603516 
18564.707031 
19059.050781 
19349.812500 
20081.447266 
18064.878906 
18505.546875 
20240.300781 
19775.947266 
19035.761719 
18789.125000 
18952.070312 
19125.855469 
20647.371094 
19338.080078 
18197.394531 
18215.990234 
20306.621094 
18531.650391 
18814.435547 
20638.097656 
18513.134766 
18881.492188 
18782.703125 
20189.552734 
19730.431641 
18777.750000 
18598.695312 
18692.156250 
21213.656250 
18571.626953 
18502.921875 
18409.095703 
18623.964844 
18517.882812 
18481.751953 
21417.835938 
19834.507812 
17790.574219 
17803.355469 
19179.636719 
19550.394531 
19149.808594 
18475.333984 
18733.865234 
18697.363281 
18292.158203 
18738.937500 
18736.439453 
18696.312500 
18701.843750 
19627.054688 
18440.214844 
18318.261719 
18795.406250 
18684.324219 
18827.189453 
18663.880859 
18754.039062 
18582.906250 
19211.408203 
18782.402344 
19231.603516 
19229.117188 
18885.285156 
18868.697266 
18649.767578 
18972.978516 
18361.886719 
18038.412109 
18227.693359 
18942.027344 
19114.417969 
19183.535156 
18923.433594 
19003.515625 
18986.105469 
19056.144531 
18639.320312 
18692.632812 
19558.535156 
19170.738281 
18829.712891 
18772.074219 
18931.980469 
19270.902344 
19254.757812 
19741.261719 
19814.089844 
19647.490234 
19369.623047 
19235.183594 
19661.396484 
19337.773438 
19503.900391 
19384.972656 
18779.855469 
18697.175781 
18843.046875 
19163.863281 
20190.050781 
19034.833984 
18809.906250 
18747.173828 
18798.335938 
18990.429688 
19662.494141 
18591.511719 
18522.365234 
19153.472656 
19177.937500 
18940.748047 
18827.429688 
19217.855469 
19352.644531 
19261.425781 
19515.884766 
18632.261719 
20083.117188 
19299.714844 
20026.273438 
18902.820312 
19198.910156 
19397.007812 
18503.558594 
18856.125000 
19455.687500 
19909.339844 
19364.835938 
19174.912109 
19471.966797 
19498.279297 
18998.714844 
18811.896484 
19018.929688 
19028.792969 
18601.218750 
18066.591797 
18171.882812 
18613.154297 
18837.566406 
20173.843750 
18612.324219 
18991.820312 
18967.853516 
19077.574219 
19404.457031 
18775.863281 
18326.894531 
18602.273438 
18972.121094 
19723.203125 
18464.113281 
18614.261719 
18602.685547 
18587.246094 
18780.171875 
18565.457031 
18922.750000 
19160.318359 
19059.982422 
20205.900391 
20228.365234 
20350.707031 
18759.886719 
18980.462891 
18854.705078 
18821.595703 
18845.988281 
18817.003906 
19156.923828 
18279.316406 
18374.894531 
18139.773438 
18724.398438 
18979.970703 
20055.718750 
20423.027344 
19698.794922 
18943.984375 
18459.332031 
19496.509766 
18815.468750 
19100.210938 
19089.035156 
19327.728516 
19760.273438 
18877.755859 
19394.406250 
19496.345703 
19245.759766 
19841.875000 
19632.710938 
19865.574219 
19809.679688 
19521.304688 
18952.980469 
18879.617188 
18465.798828 
18275.994141 
18879.634766 
19407.382812 
20093.359375 
18979.357422 
19370.820312 
19458.205078 
18941.695312 
20183.789062 
19302.259766 
19183.066406 
18666.091797 
18427.585938 
18777.082031 
19189.238281 
19013.398438 
19137.136719 
19190.763672 
19156.902344 
19288.527344 
19088.707031 
19172.871094 
18707.822266 
18582.468750 
18484.365234 
19150.074219 
19447.425781 
19787.808594 
19611.679688 
19162.421875 
18902.574219 
18911.089844 
18966.414062 
21153.199219 
20650.310547 
18238.066406 
18661.843750 
19060.140625 
20452.529297 
19354.285156 
19483.843750 
19139.875000 
18228.382812 
18195.005859 
18748.927734 
19945.343750 
19753.214844 
18648.455078 
19173.949219 
20017.023438 
19732.099609 
19346.101562 
19285.843750 
19903.265625 
18786.058594 
19008.464844 
18837.271484 
18575.396484 
18720.955078 
18887.726562 
18939.796875 
19163.800781 
18731.814453 
19257.412109 
20229.060547 
19510.525391 
18355.078125 
18317.050781 
19009.136719 
19513.994141 
21243.527344 
18449.839844 
18296.822266 
18302.578125 
19255.986328 
19515.941406 
19456.148438 
19146.585938 
19413.761719 
19025.757812 
19273.125000 
19570.529297 
19099.548828 
18750.376953 
19219.304688 
19402.644531 
19153.556641 
19650.816406 
19652.460938 
18025.642578 
19002.447266 
18686.216797 
19318.566406 
19522.886719 
19135.888672 
18710.248047 
19007.683594 
18925.283203 
18773.230469 
18529.035156 
18696.308594 
19138.824219 
18980.316406 
18871.257812 
19311.230469 
19149.658203 
18664.310547 
19447.865234 
19815.289062 
19799.234375 
18867.494141 
19096.310547 
19250.191406 
20234.988281 
20678.849609 
18424.882812 
18223.580078 
19258.632812 
19674.308594 
20009.796875 
19120.191406 
18770.962891 
19233.654297 
19536.451172 
19530.330078 
20302.908203 
19768.474609 
19179.974609 
19486.482422 
18616.765625 
19178.855469 
19211.705078 
18921.535156 
18664.414062 
18981.890625 
19744.703125 
19607.472656 
19188.347656 
18860.517578 
18992.628906 
19354.667969 
19537.103516 
19771.591797 
19658.890625 
18932.240234 
19286.476562 
19269.718750 
19426.035156 
19684.777344 
19676.386719 
19994.457031 
19323.511719 
18937.291016 
19564.191406 
19268.699219 
18527.031250 
18379.375000 
19534.628906 
19482.314453 
19159.923828 
18441.677734 
18743.314453 
19130.644531 
19563.093750 
19331.683594 
19331.205078 
19367.914062 
18950.777344 
18753.613281 
18867.599609 
19259.550781 
19850.242188 
19388.234375 
19617.378906 
19753.578125 
19126.566406 
19555.134766 
17975.210938 
18716.638672 
19286.511719 
19258.726562 
19525.183594 
19099.355469 
18893.945312 
19047.250000 
19307.875000 
19445.808594 
19449.773438 
19227.101562 
18344.500000 
18397.408203 
19408.947266 
19166.322266 
19525.410156 
19964.722656 
19347.380859 
20111.810547 
18540.339844 
18594.439453 
19220.373047 
19143.570312 
19222.066406 
19654.146484 
18904.683594 
19117.734375 
19372.042969 
19625.523438 
19460.664062 
19134.203125 
19249.539062 
20787.851562 
19345.900391 
19149.671875 
19589.798828 
19675.888672 
19618.242188 
19769.281250 
19678.039062 
20082.324219 
19944.593750 
19266.818359 
20250.755859 
20339.759766 
19371.589844 
19909.292969 
20562.234375 
20351.304688 
20038.255859 
19538.281250 
18945.052734 
19189.824219 
19953.218750 
20559.929688 
20862.664062 
19135.408203 
19767.662109 
19509.552734 
20104.359375 
19948.716797 
20399.761719 
20184.003906 
19841.222656 
20280.000000 
20326.144531 
20320.587891 
20462.111328 
20627.849609 
20797.980469 
19849.132812 
19329.308594 
20039.691406 
19585.250000 
18989.703125 
18598.253906 
19392.419922 
19377.101562 
19790.046875 
20043.183594 
19631.882812 
20205.820312 
20922.224609 
19138.820312 
19217.785156 
19011.242188 
20132.982422 
20484.285156 
20184.382812 
18847.902344 
18709.841797 
18718.812500 
19633.332031 
19231.585938 
19140.476562 
19213.761719 
19493.617188 
19765.662109 
19569.140625 
19224.316406 
19147.849609 
19128.347656 
19790.507812 
19647.218750 
19084.031250 
19402.292969 
19418.218750 
19003.957031 
19499.701172 
18828.968750 
19738.980469 
19811.279297 
19699.630859 
19856.802734 
19874.333984 
19704.039062 
18975.291016 
19631.019531 
19124.964844 
19162.609375 
19451.646484 
19044.591797 
19187.876953 
18987.953125 
18850.537109 
19154.183594 
19561.527344 
19462.675781 
19597.152344 
18933.453125 
19219.824219 
18937.455078 
19376.824219 
18875.039062 
19239.675781 
20087.171875 
19274.761719 
19183.736328 
19114.644531 
18394.750000 
18561.148438 
19276.855469 
19004.748047 
20078.929688 
19809.074219 
18649.617188 
18594.179688 
20290.455078 
18573.390625 
18920.960938 
21159.566406 
20698.570312 
20865.148438 
19953.242188 
19444.832031 
20630.005859 
20196.603516 
18336.085938 
19563.369141 
19519.242188 
18913.732422 
19482.964844 
20610.908203 
19071.660156 
19321.242188 
19774.542969 
20136.988281 
19904.984375 
21846.757812 
19397.386719 
18905.976562 
18588.382812 
18955.578125 
19236.402344 
19420.251953 
20330.160156 
19436.875000 
19055.562500 
19489.515625 
20370.925781 
18495.912109 
18609.429688 
19727.179688 
20194.050781 
20107.091797 
19393.169922 
19482.181641 
20069.105469 
18759.937500 
19194.486328 
19193.753906 
19829.277344 
19413.837891 
19258.447266 
20101.265625 
18763.105469 
18535.369141 
18789.804688 
19898.326172 
21028.371094 
18867.994141 
18584.402344 
18449.839844 
18589.498047 
18466.964844 
18652.560547 
19135.371094 
19147.316406 
18958.253906 
19261.652344 
19399.486328 
18866.025391 
18502.859375 
18700.914062 
18903.828125 
18739.302734 
18668.242188 
18886.253906 
18545.152344 
18515.990234 
18642.470703 
18544.886719 
19527.109375 
19434.224609 
18402.214844 
18756.128906 
19243.064453 
19484.335938 
19509.757812 
19108.894531 
18534.523438 
19280.867188 
19425.660156 
20618.000000 
19170.476562 
18732.253906 
18877.343750 
18975.457031 
19768.011719 
20801.117188 
19487.644531 
18933.066406 
18087.183594 
19213.500000 
18879.644531 
19941.316406 
19764.140625 
20032.669922 
19498.437500 
19201.660156 
18373.023438 
18594.210938 
19050.775391 
19429.423828 
20048.917969 
19389.371094 
18562.804688 
18718.210938 
19256.878906 
19278.638672 
20149.531250 
19351.332031 
18582.679688 
19009.390625 
19090.000000 
19354.355469 
19233.142578 
19736.308594 
19539.878906 
20199.964844 
19304.535156 
18932.787109 
19489.056641 
19291.375000 
19167.960938 
18690.644531 
18886.480469 
19365.335938 
19103.837891 
18955.960938 
18933.265625 
19339.390625 
19205.671875 
19203.291016 
19175.593750 
19294.964844 
20007.312500 
19684.550781 
19796.189453 
19583.832031 
19711.535156 
19282.441406 
19430.855469 
19767.109375 
19474.728516 
19784.480469 
19472.320312 
19435.449219 
19823.531250 
20003.097656 
19889.960938 
19183.929688 
19637.976562 
19832.595703 
19449.839844 
19510.291016 
19572.812500 
19376.554688 
19448.683594 
19292.726562 
19445.507812 
19286.322266 
19199.300781 
19487.271484 
19695.798828 
19050.625000 
18623.802734 
19788.054688 
20185.310547 
19949.085938 
19670.171875 
19598.458984 
19357.099609 
19347.515625 
19428.679688 
19452.439453 
19570.757812 
19551.042969 
19334.628906 
18784.152344 
18871.566406 
19981.519531 
19719.052734 
20095.009766 
19621.169922 
19354.234375 
18831.273438 
19080.082031 
19716.205078 
19026.664062 
19026.396484 
19838.062500 
19887.289062 
19974.933594 
19831.765625 
19576.183594 
19325.941406 
19340.726562 
20238.587891 
19695.359375 
18916.455078 
19572.074219 
19897.621094 
19497.314453 
19427.447266 
19175.511719 
20208.328125 
19646.380859 
19559.117188 
18900.947266 
19560.791016 
20051.882812 
19544.328125 
19599.406250 
19524.289062 
19802.892578 
19405.980469 
19611.658203 
19645.892578 
20206.847656 
20128.507812 
19487.019531 
18858.115234 
19059.880859 
19467.458984 
19627.984375 
19542.347656 
19760.023438 
20280.408203 
19509.121094 
19232.433594 
19187.328125 
19350.072266 
19233.570312 
19380.718750 
19882.582031 
20323.234375 
19028.195312 
19055.132812 
19318.261719 
20015.445312 
19356.496094 
19823.726562 
19036.462891 
19342.398438 
19321.019531 
19419.638672 
19840.656250 
20000.058594 
19570.515625 
19067.097656 
19169.968750 
19218.724609 
19641.406250 
20312.748047 
19306.660156 
19056.878906 
19631.921875 
19861.884766 
19995.546875 
19740.162109 
19488.156250 
19592.652344 
19528.214844 
19920.792969 
19865.187500 
19458.570312 
19356.845703 
19821.550781 
19194.898438 
19564.892578 
19167.988281 
19793.439453 
19561.876953 
19392.685547 
19783.984375 
19512.687500 
19306.220703 
19804.675781 
19964.933594 
19957.667969 
19638.703125 
19517.152344 
19389.621094 
19185.871094 
19259.734375 
19210.308594 
19018.000000 
19916.515625 
19191.429688 
18888.511719 
19417.539062 
19218.281250 
19514.619141 
19965.837891 
19372.423828 
19257.314453 
19422.113281 
19771.777344 
19562.658203 
19732.484375 
19940.367188 
19142.257812 
18939.804688 
19320.546875 
19637.382812 
19891.210938 
20395.390625 
19713.000000 
19776.453125 
19668.546875 
19113.044922 
19151.500000 
18911.773438 
19513.218750 
19629.101562 
19476.062500 
19608.933594 
18983.070312 
19703.792969 
19523.234375 
19887.351562 
20123.251953 
19174.962891 
18885.730469 
19334.566406 
19956.361328 
19583.914062 
19401.597656 
19281.464844 
19476.375000 
19659.210938 
20366.765625 
20205.685547 
20110.781250 
19278.296875 
19309.992188 
19640.031250 
19909.257812 
20308.378906 
20103.886719 
19745.283203 
19519.378906 
19155.136719 
19179.304688 
20306.494141 
20212.285156 
19780.988281 
19549.867188 
19700.031250 
19751.841797 
19434.894531 
19364.628906 
19631.820312 
19875.285156 
19542.351562 
19627.214844 
18983.402344 
19489.191406 
19917.636719 
19261.726562 
19239.601562 
19091.765625 
19429.121094 
19305.386719 
19468.187500 
19498.384766 
19085.566406 
18848.375000 
19337.294922 
19407.365234 
19779.033203 
19172.367188 
18907.990234 
19263.359375 
18938.839844 
18486.095703 
20107.023438 
19982.433594 
19820.000000 
19563.824219 
19222.380859 
19217.597656 
19268.083984 
18781.027344 
19706.173828 
19317.542969 
19620.238281 
19385.968750 
19352.640625 
19104.878906 
19497.554688 
21119.433594 
20449.738281 
18558.503906 
19600.539062 
19845.710938 
19102.244141 
19047.031250 
19275.933594 
20638.910156 
20242.914062 
19345.687500 
19093.617188 
19000.669922 
19612.097656 
19684.656250 
18589.222656 
18845.947266 
19998.394531 
19851.570312 
19670.277344 
19735.007812 
19488.722656 
19021.148438 
18514.931641 
18656.443359 
19128.347656 
19672.656250 
19340.953125 
19740.039062 
18707.710938 
18617.644531 
18529.087891 
19243.876953 
19754.628906 
18800.224609 
20193.746094 
20168.789062 
19231.246094 
19330.101562 
18996.638672 
19170.894531 
19317.863281 
18712.324219 
18899.478516 
20174.441406 
20567.460938 
20299.013672 
20299.990234 
18988.990234 
19323.974609 
18635.644531 
19489.962891 
19155.066406 
20979.687500 
20649.199219 
20632.117188 
18462.089844 
18334.210938 
18512.250000 
18426.601562 
18663.324219 
20259.265625 
20425.785156 
20729.210938 
18792.240234 
18668.820312 
18840.990234 
19540.121094 
19459.527344 
20610.626953 
20125.214844 
20152.238281 
20118.664062 
18634.457031 
18573.191406 
19850.328125 
20207.539062 
20671.066406 
19136.435547 
18583.273438 
18706.949219 
18688.609375 
19754.751953 
19878.814453 
20670.656250 
20246.570312 
20290.578125 
20630.841797 
19137.535156 
19146.605469 
19182.078125 
19296.271484 
19250.492188 
21206.406250 
21603.250000 
20207.718750 
18769.753906 
18888.287109 
19081.058594 
19378.501953 
19200.769531 
19676.464844 
20311.294922 
20814.587891 
20747.423828 
19092.503906 
18962.433594 
19085.445312 
19594.666016 
19990.046875 
20471.867188 
20369.705078 
19358.570312 
19359.906250 
19334.255859 
18963.953125 
21005.355469 
20366.328125 
18973.958984 
19777.621094 
19383.550781 
19726.671875 
20012.820312 
20027.804688 
20041.560547 
19318.140625 
19216.183594 
19462.910156 
19602.029297 
21087.636719 
20282.695312 
19949.755859 
19995.753906 
19421.248047 
20025.773438 
19947.878906 
19704.328125 
20136.605469 
19444.472656 
19256.257812 
19568.496094 
19926.134766 
19989.382812 
19792.910156 
19795.597656 
19705.861328 
19614.714844 
19794.218750 
19519.605469 
19799.181641 
19921.976562 
19733.275391 
20693.955078 
20161.511719 
18831.898438 
19373.208984 
20546.371094 
20341.921875 
20100.324219 
19696.792969 
19714.171875 
19540.865234 
19801.480469 
20234.097656 
19784.267578 
19500.847656 
20123.957031 
20624.546875 
19465.394531 
19123.128906 
19608.949219 
19378.761719 
19709.750000 
19801.925781 
19558.697266 
19734.074219 
20116.777344 
20032.085938 
20112.242188 
19835.449219 
19554.945312 
20174.207031 
19550.021484 
19530.421875 
19855.224609 
19619.910156 
19910.113281 
19871.304688 
19799.166016 
20210.554688 
20010.312500 
20083.808594 
19774.128906 
19981.570312 
19921.191406 
19415.244141 
19469.187500 
19743.761719 
19314.919922 
19679.945312 
19303.566406 
19660.367188 
19772.607422 
19570.806641 
19519.589844 
20071.951172 
19464.734375 
19452.128906 
19731.269531 
19226.412109 
19000.933594 
20618.726562 
20382.539062 
19726.353516 
19807.812500 
19930.890625 
19427.591797 
19242.531250 
18900.814453 
19684.146484 
19565.609375 
19857.162109 
20149.156250 
19653.546875 
19685.644531 
19544.781250 
19880.927734 
19981.777344 
19371.908203 
19782.699219 
19272.751953 
19661.382812 
19587.023438 
19833.921875 
19763.101562 
19535.023438 
19171.462891 
18824.218750 
19606.375000 
20071.658203 
20414.785156 
20161.753906 
19693.328125 
19248.226562 
19360.453125 
19044.968750 
20381.974609 
21889.359375 
20181.169922 
19318.783203 
19332.199219 
20463.556641 
20833.113281 
19153.152344 
20169.535156 
20031.222656 
20045.824219 
20137.609375 
20098.855469 
20140.611328 
19712.541016 
20571.970703 
19341.591797 
20412.511719 
19478.187500 
19583.271484 
19681.812500 
20038.425781 
20488.812500 
20424.765625 
19089.550781 
19771.039062 
20044.039062 
20078.375000 
20066.316406 
19851.710938 
20197.953125 
20440.296875 
20339.193359 
20941.503906 
21200.171875 
19528.408203 
19850.289062 
19644.464844 
20344.365234 
19916.441406 
19583.222656 
19686.281250 
21384.712891 
21247.035156 
18774.468750 
19120.833984 
19655.900391 
20803.308594 
21703.421875 
19680.550781 
19632.220703 
21051.806641 
19158.343750 
20136.673828 
21344.546875 
21196.755859 
20658.259766 
19983.039062 
19313.687500 
19282.238281 
19893.093750 
21107.156250 
20595.339844 
21455.078125 
20223.710938 
19834.203125 
19681.025391 
19562.718750 
20285.378906 
20431.199219 
20338.960938 
19941.488281 
20054.271484 
20192.312500 
20313.148438 
20003.560547 
20226.117188 
20222.097656 
19582.300781 
19757.720703 
20270.292969 
20476.744141 
20993.843750 
19605.140625 
19602.648438 
19477.490234 
19362.683594 
21050.843750 
20206.646484 
19567.761719 
19644.433594 
19428.177734 
19773.787109 
21048.617188 
19537.419922 
19325.800781 
19249.738281 
20532.980469 
19764.457031 
21260.707031 
20743.117188 
19630.769531 
20006.957031 
20112.615234 
19752.003906 
21265.472656 
21228.960938 
19807.822266 
20042.521484 
19927.648438 
19456.058594 
20566.890625 
21051.882812 
20631.218750 
19710.429688 
19403.888672 
20009.066406 
20063.382812 
20484.687500 
20188.507812 
20109.279297 
20109.791016 
20494.324219 
19830.611328 
19828.257812 
19035.875000 
19121.175781 
20508.503906 
19857.480469 
19812.910156 
20127.945312 
20443.941406 
19962.789062 
19687.976562 
19995.375000 
19972.066406 
20388.681641 
20064.968750 
19657.458984 
19910.152344 
20416.210938 
20481.234375 
20381.863281 
20312.410156 
19941.150391 
20118.583984 
19691.083984 
20148.349609 
21275.578125 
20256.195312 
19956.156250 
19743.277344 
20054.949219 
21081.578125 
19897.732422 
19414.804688 
20791.058594 
20628.277344 
19550.476562 
19525.753906 
20592.480469 
20034.312500 
20162.027344 
20213.941406 
19975.027344 
19877.285156 
20011.585938 
19448.205078 
19562.132812 
20521.984375 
21677.164062 
19454.988281 
18979.382812 
19608.820312 
19856.537109 
20492.171875 
19783.023438 
19605.205078 
20022.609375 
19428.250000 
19399.089844 
19497.310547 
20168.287109 
21161.787109 
21262.132812 
19132.185547 
19658.339844 
19585.953125 
19594.449219 
21281.359375 
20995.142578 
19586.457031 
19522.660156 
20042.296875 
19938.035156 
19843.609375 
20235.929688 
20623.007812 
20588.640625 
20087.429688 
19451.601562 
19680.417969 
19325.373047 
19975.351562 
19641.339844 
20883.492188 
20649.441406 
19959.746094 
19837.984375 
19700.148438 
21117.250000 
19569.187500 
19680.402344 
21834.769531 
19854.718750 
19945.298828 
20703.255859 
20457.076172 
20413.414062 
19215.773438 
20525.150391 
19720.531250 
20780.666016 
19655.816406 
18894.621094 
19555.568359 
20828.710938 
20492.910156 
19582.253906 
19527.273438 
19472.056641 
20111.769531 
20369.419922 
19878.128906 
19888.322266 
21397.287109 
20390.562500 
19419.597656 
19537.503906 
20078.687500 
20236.800781 
20221.738281 
20263.925781 
20225.861328 
20313.019531 
20410.414062 
20162.527344 
20096.535156 
20056.175781 
20609.933594 
20217.593750 
19799.191406 
20822.091797 
20060.996094 
20585.160156 
19710.453125 
19655.324219 
19516.298828 
19578.589844 
20019.890625 
20327.935547 
20465.746094 
21348.832031 
20113.394531 
19643.673828 
19503.021484 
20016.761719 
20063.972656 
20554.167969 
20826.636719 
19759.546875 
19571.304688 
20233.560547 
19325.410156 
20471.134766 
19528.625000 
19347.214844 
19218.324219 
19067.248047 
19698.441406 
18974.273438 
19198.878906 
19572.464844 
19996.339844 
19868.859375 
19238.750000 
19947.945312 
19527.800781 
19718.914062 
20698.607422 
20800.902344 
19355.992188 
19036.039062 
19200.894531 
21081.203125 
21946.867188 
20075.289062 
19211.765625 
21191.000000 
20500.943359 
20118.822266 
20206.281250 
20778.150391 
20037.253906 
20406.472656 
19405.878906 
21166.128906 
20145.144531 
20669.273438 
19822.277344 
19540.441406 
21046.962891 
19896.007812 
20708.632812 
20153.281250 
20740.406250 
21432.769531 
19705.648438 
19865.003906 
20899.205078 
20359.746094 
19950.724609 
20340.671875 
20943.484375 
21030.400391 
19395.791016 
20767.078125 
20296.828125 
20191.375000 
20808.585938 
20331.488281 
20162.193359 
20235.306641 
20703.785156 
20422.419922 
20212.882812 
20778.460938 
20772.603516 
20183.281250 
19912.462891 
19689.375000 
20477.117188 
20657.900391 
20831.820312 
20726.134766 
20456.804688 
20548.648438 
20311.138672 
20181.652344 
20119.027344 
20506.671875 
19111.472656 
20197.988281 
20409.515625 
20334.656250 
20020.843750 
19820.416016 
20311.140625 
21311.253906 
20464.023438 
19674.265625 
19874.816406 
19936.628906 
19964.371094 
20320.515625 
20014.359375 
20582.132812 
20339.435547 
20539.882812 
20286.837891 
20260.814453 
20100.566406 
20195.035156 
19898.201172 
20090.744141 
20679.960938 
20252.021484 
20745.199219 
20051.535156 
20232.853516 
20542.236328 
20234.660156 
20099.695312 
20548.513672 
20870.386719 
19582.158203 
19384.339844 
19785.017578 
19779.898438 
19604.345703 
19555.144531 
19614.533203 
20925.738281 
20652.255859 
19740.560547 
20069.169922 
19808.062500 
19805.576172 
20130.359375 
20355.480469 
19876.480469 
20058.703125 
19519.195312 
19391.251953 
21696.406250 
20867.277344 
20092.417969 
20397.724609 
19873.718750 
19886.177734 
20344.011719 
19748.250000 
20414.292969 
20641.404297 
20478.781250 
19535.974609 
19640.048828 
20123.908203 
20935.539062 
20679.695312 
19570.060547 
20299.578125 
20096.351562 
20335.316406 
20657.371094 
20983.103516 
20120.619141 
19869.169922 
20399.388672 
21195.826172 
21218.164062 
20218.535156 
20486.109375 
20180.363281 
20063.693359 
20394.349609 
20810.556641 
20607.925781 
21320.437500 
21042.261719 
19590.320312 
20120.304688 
20061.957031 
19662.929688 
20055.175781 
20402.265625 
19788.707031 
19504.667969 
20238.476562 
20029.884766 
19727.490234 
20157.382812 
20279.382812 
20348.214844 
20561.271484 
20438.804688 
19713.425781 
19983.593750 
19788.187500 
19403.898438 
20263.351562 
19985.542969 
20469.738281 
20294.562500 
19510.896484 
19593.269531 
20482.921875 
20552.349609 
20440.035156 
20633.546875 
19468.652344 
19381.712891 
19469.308594 
19538.832031 
20506.964844 
20232.513672 
19650.193359 
19527.220703 
19455.816406 
19471.070312 
19479.816406 
19812.355469 
19505.734375 
19419.710938 
19543.097656 
19684.687500 
19741.191406 
20275.787109 
20147.927734 
19291.177734 
19463.449219 
19058.433594 
18492.589844 
18896.953125 
19006.851562 
18972.630859 
19224.164062 
19306.269531 
18995.855469 
18961.705078 
19175.011719 
19135.304688 
19316.007812 
19177.046875 
19132.046875 
18759.457031 
18670.265625 
19332.052734 
20292.984375 
19272.382812 
20015.933594 
19705.214844 
19257.792969 
19869.824219 
19418.820312 
19319.248047 
20668.683594 
19020.957031 
19759.732422 
20143.917969 
19459.050781 
19707.371094 
19937.744141 
20014.978516 
19623.148438 
20192.289062 
19976.953125 
20282.138672 
19608.660156 
19516.478516 
20093.652344 
20114.500000 
20764.394531 
20202.453125 
19963.128906 
20350.099609 
20045.039062 
19961.724609 
19552.578125 
19232.921875 
19249.195312 
19911.703125 
20726.187500 
19747.652344 
19603.857422 
19944.501953 
19251.080078 
19538.242188 
19518.359375 
19574.167969 
19244.472656 
19188.892578 
19070.591797 
19446.335938 
20078.671875 
19767.638672 
19093.419922 
18976.142578 
18900.304688 
19259.591797 
19220.656250 
19724.046875 
19122.060547 
19560.056641 
18935.109375 
18922.320312 
19105.005859 
18620.382812 
18802.986328 
18861.820312 
19616.804688 
19943.429688 
19364.183594 
19188.628906 
19208.279297 
19118.564453 
19082.287109 
18910.273438 
18966.453125 
19013.195312 
18799.667969 
18510.429688 
19310.074219 
19142.824219 
19701.177734 
19481.888672 
19548.027344 
19548.808594 
18831.578125 
18617.835938 
19140.412109 
18784.603516 
18644.759766 
18859.138672 
19015.322266 
18673.281250 
19077.203125 
18557.968750 
18815.968750 
19443.529297 
19576.265625 
19350.347656 
18610.560547 
18816.259766 
18818.527344 
19019.619141 
19030.964844 
18949.273438 
19251.222656 
20230.757812 
19429.955078 
19547.181641 
19185.937500 
18322.062500 
18995.746094 
20597.035156 
19206.316406 
18333.357422 
18675.248047 
19078.320312 
18386.128906 
19817.183594 
20309.396484 
19046.935547 
19828.933594 
18997.861328 
18660.255859 
19374.523438 
19075.324219 
20893.083984 
19034.181641 
18801.574219 
19151.367188 
19481.873047 
18845.761719 
19159.023438 
19423.003906 
18927.921875 
19468.171875 
19564.636719 
19287.968750 
19857.812500 
21032.902344 
19253.025391 
18854.542969 
18922.792969 
18950.457031 
19744.583984 
19280.427734 
19713.740234 
19848.992188 
18387.136719 
18153.898438 
19435.007812 
19897.982422 
19617.695312 
19649.746094 
19546.769531 
18970.667969 
19052.402344 
19425.607422 
19496.875000 
19962.656250 
19028.769531 
18765.453125 
19396.941406 
18596.720703 
18484.781250 
19333.453125 
19460.439453 
19096.433594 
20008.416016 
19437.640625 
19531.574219 
19066.921875 
19441.355469 
20052.011719 
19215.849609 
20191.529297 
19571.218750 
20679.230469 
19942.148438 
19129.601562 
18581.339844 
18727.871094 
18624.269531 
18924.597656 
19576.835938 
19759.095703 
19585.894531 
20512.875000 
19852.931641 
19557.228516 
19182.386719 
20533.957031 
19786.595703 
19904.675781 
19824.605469 
19400.181641 
19823.701172 
19157.468750 
20131.230469 
19423.914062 
18754.027344 
20096.130859 
20221.453125 
20340.558594 
19544.791016 
19182.375000 
19497.384766 
20285.214844 
20320.912109 
20024.210938 
20442.623047 
19730.476562 
19103.710938 
19455.830078 
19423.029297 
18981.443359 
19551.402344 
20672.570312 
19946.486328 
19626.783203 
19429.355469 
19913.380859 
19964.705078 
19057.673828 
19725.472656 
19815.042969 
19517.023438 
20303.822266 
19367.105469 
19268.716797 
19001.656250 
19518.691406 
19828.683594 
19664.980469 
19493.941406 
19669.746094 
19436.714844 
19565.394531 
19898.917969 
19502.339844 
19712.648438 
19299.460938 
19000.800781 
19174.931641 
18966.527344 
19485.945312 
19986.687500 
19911.125000 
19891.191406 
19309.697266 
19117.062500 
19640.324219 
21079.082031 
18758.285156 
18659.070312 
19298.792969 
20722.949219 
19949.998047 
19477.675781 
19997.623047 
19245.470703 
19366.710938 
20597.386719 
18859.626953 
18926.701172 
18985.636719 
19714.019531 
21008.578125 
19077.093750 
19643.164062 
19539.437500 
19107.468750 
19971.712891 
19191.433594 
19613.261719 
19444.347656 
19757.195312 
19708.250000 
19791.234375 
20022.964844 
20953.722656 
19377.523438 
18743.865234 
18715.060547 
19973.148438 
20008.617188 
20008.603516 
20172.351562 
19431.615234 
19297.117188 
20068.091797 
19636.949219 
19300.855469 
19830.853516 
19905.830078 
20008.025391 
19676.414062 
19763.496094 
19566.412109 
19476.263672 
19811.046875 
20307.869141 
20486.136719 
20340.210938 
19789.318359 
19614.976562 
20314.927734 
19930.640625 
19770.400391 
20127.791016 
19156.517578 
19742.519531 
20289.484375 
19716.091797 
19930.218750 
19507.615234 
19225.720703 
19360.218750 
21826.589844 
19555.421875 
19280.695312 
18748.265625 
19863.972656 
21532.347656 
20320.425781 
20175.714844 
19591.986328 
19079.343750 
19957.589844 
20480.976562 
20611.441406 
19403.193359 
20602.230469 
20260.931641 
19255.343750 
19470.550781 
20538.228516 
20592.183594 
19742.546875 
19544.496094 
20206.382812 
19528.851562 
19749.962891 
19340.039062 
20596.837891 
20423.333984 
19606.068359 
19988.111328 
19477.714844 
20192.791016 
19609.974609 
20109.675781 
20029.007812 
20366.199219 
19984.998047 
19589.679688 
19999.343750 
19200.853516 
19440.894531 
20135.570312 
19763.863281 
19780.255859 
20070.531250 
19734.554688 
20656.527344 
20404.671875 
19297.718750 
19114.609375 
19864.851562 
20190.986328 
20270.230469 
19804.912109 
19772.468750 
19915.302734 
19488.425781 
19790.494141 
20064.566406 
20148.070312 
20552.375000 
20543.460938 
20002.763672 
20242.990234 
19844.253906 
19699.152344 
19733.351562 
19922.341797 
20573.869141 
19213.328125 
19290.302734 
19798.328125 
19758.234375 
19878.330078 
20599.339844 
19377.316406 
19754.359375 
19210.917969 
18985.062500 
19535.281250 
20061.144531 
20682.208984 
20288.140625 
19406.867188 
19611.001953 
19159.695312 
19589.878906 
20447.033203 
19979.726562 
19580.126953 
20191.492188 
20691.468750 
19390.625000 
19866.546875 
19762.005859 
19806.976562 
20243.468750 
19914.000000 
19793.203125 
19914.414062 
19965.777344 
20065.324219 
20430.039062 
19387.033203 
19485.019531 
20118.017578 
19797.880859 
19971.708984 
19930.921875 
20184.216797 
19544.585938 
20019.365234 
20275.523438 
20215.992188 
19466.953125 
19675.968750 
19605.078125 
20017.156250 
19546.400391 
21130.769531 
20351.433594 
19995.644531 
20481.351562 
19665.093750 
19336.998047 
19670.648438 
20072.468750 
20361.484375 
20160.835938 
20128.117188 
20562.248047 
20441.843750 
20027.992188 
19153.378906 
19538.826172 
20260.638672 
20336.207031 
22057.166016 
21741.453125 
18684.375000 
18866.710938 
20495.781250 
20004.404297 
20061.250000 
21199.855469 
20057.490234 
19102.082031 
18957.845703 
19843.593750 
19463.669922 
19260.466797 
19795.878906 
19941.271484 
21750.730469 
20008.712891 
19165.337891 
20345.203125 
19135.025391 
20102.878906 
22748.775391 
22033.570312 
21049.490234 
19495.167969 
20296.101562 
20181.882812 
20354.125000 
20338.152344 
21595.261719 
19939.828125 
19537.089844 
19362.427734 
21404.890625 
19931.533203 
20165.505859 
19838.773438 
19899.734375 
19775.863281 
19550.617188 
19574.394531 
20490.777344 
19722.933594 
21070.724609 
20777.167969 
20076.062500 
21258.330078 
20329.253906 
20237.332031 
20036.082031 
19240.892578 
20485.371094 
20489.738281 
21213.542969 
20179.548828 
20066.238281 
20032.958984 
19807.964844 
19407.669922 
19741.763672 
19955.300781 
19940.898438 
19834.707031 
18743.136719 
19575.292969 
19850.550781 
20530.964844 
20084.119141 
19768.455078 
20042.734375 
20156.890625 
19377.921875 
19367.345703 
18881.492188 
19339.386719 
21107.710938 
20588.054688 
18887.451172 
19039.015625 
20669.341797 
19744.941406 
19969.193359 
18705.623047 
18870.691406 
18925.968750 
19987.855469 
20376.023438 
20397.833984 
19466.285156 
18653.253906 
19126.949219 
19303.402344 
19699.068359 
19683.615234 
19416.394531 
20357.304688 
20081.078125 
19620.826172 
18821.753906 
19203.863281 
19591.796875 
19278.675781 
19372.207031 
19269.503906 
20560.441406 
20359.511719 
20419.347656 
20182.609375 
19568.527344 
19355.664062 
20114.101562 
19954.558594 
19797.460938 
19428.207031 
19517.933594 
19995.394531 
20195.703125 
19757.531250 
19730.421875 
20602.781250 
20752.046875 
19854.160156 
19187.312500 
20066.982422 
20680.699219 
19747.255859 
19734.933594 
19662.417969 
19665.664062 
20297.015625 
19753.132812 
19275.453125 
20145.171875 
20150.044922 
19263.906250 
19482.933594 
19611.816406 
19836.191406 
19342.863281 
19329.361328 
19798.906250 
20342.144531 
20354.656250 
20112.925781 
19760.222656 
20010.722656 
20054.593750 
19157.326172 
19464.503906 
19383.312500 
19491.388672 
19489.984375 
19729.064453 
19972.351562 
19999.000000 
19125.572266 
19303.457031 
18947.949219 
19084.246094 
19023.242188 
19804.640625 
19749.218750 
19283.419922 
19395.072266 
19392.089844 
19387.169922 
20220.226562 
19988.001953 
20354.931641 
19900.582031 
19470.222656 
19938.808594 
20081.824219 
19964.746094 
19854.326172 
19726.060547 
18923.083984 
19068.509766 
19882.886719 
20456.109375 
20597.140625 
20205.753906 
19140.078125 
19504.421875 
19757.808594 
20378.005859 
20491.021484 
19791.968750 
19776.228516 
19897.597656 
19809.246094 
20023.064453 
19916.109375 
19721.964844 
19428.828125 
19801.699219 
19400.046875 
19315.550781 
19599.298828 
19608.435547 
20467.013672 
19819.564453 
19721.376953 
19618.597656 
19398.289062 
18878.753906 
19445.767578 
20212.316406 
20984.828125 
19995.304688 
19758.421875 
18899.957031 
19100.716797 
18956.943359 
19252.343750 
19834.714844 
20807.910156 
20934.695312 
19668.207031 
19658.013672 
19749.664062 
20726.718750 
19905.603516 
20325.064453 
20933.136719 
21109.160156 
20202.775391 
20199.304688 
19566.138672 
19792.417969 
19565.574219 
20244.423828 
20453.164062 
20538.085938 
19796.580078 
19669.892578 
19693.199219 
20026.062500 
19850.757812 
19966.597656 
19899.935547 
19630.847656 
19638.048828 
19812.511719 
19713.269531 
19450.335938 
20091.064453 
20010.777344 
20088.308594 
20036.406250 
19729.941406 
19657.626953 
19726.121094 
19125.011719 
19930.781250 
20421.621094 
20388.441406 
19526.875000 
19804.646484 
19855.066406 
20100.287109 
19586.035156 
19587.675781 
19847.980469 
19975.755859 
19805.771484 
19926.121094 
19945.134766 
19491.427734 
19431.666016 
20273.005859 
20165.484375 
20487.048828 
20401.919922 
19871.039062 
19421.128906 
19306.287109 
19507.929688 
20027.951172 
20106.816406 
19968.244141 
19780.976562 
19386.322266 
19648.265625 
18892.185547 
19099.755859 
19270.947266 
19356.664062 
19535.746094 
19564.203125 
19476.125000 
19082.761719 
19348.078125 
19455.931641 
19706.050781 
20022.560547 
19186.603516 
19559.658203 
19435.066406 
19560.687500 
19270.140625 
20220.941406 
19910.333984 
19616.298828 
19369.250000 
19306.853516 
19433.980469 
19305.390625 
19613.628906 
19227.960938 
19320.910156 
19372.472656 
18936.503906 
19336.558594 
19170.121094 
19392.830078 
19621.037109 
20000.972656 
19361.933594 
19719.074219 
19127.507812 
19278.998047 
19089.755859 
19232.800781 
19842.767578 
19168.472656 
19256.886719 
19180.839844 
21562.578125 
21793.873047 
21431.746094 
18784.785156 
19170.757812 
19223.091797 
19400.136719 
19303.400391 
19650.449219 
22334.302734 
19183.853516 
19045.824219 
19343.332031 
19487.113281 
22304.300781 
21350.208984 
18714.234375 
19029.447266 
18829.617188 
18835.365234 
22110.894531 
21855.597656 
21273.550781 
21337.519531 
19629.703125 
19500.550781 
19497.552734 
19645.226562 
20211.474609 
20038.535156 
19615.361328 
19580.277344 
21568.269531 
19056.234375 
19664.406250 
19398.550781 
22084.742188 
21744.074219 
19611.367188 
19864.519531 
19754.660156 
19729.166016 
20168.058594 
19959.144531 
19834.900391 
19553.580078 
18831.128906 
19303.613281 
19539.521484 
22542.646484 
23177.564453 
18984.009766 
18934.593750 
18953.429688 
19821.839844 
20216.492188 
19985.101562 
19838.335938 
19318.230469 
19604.027344 
19382.691406 
19914.125000 
19587.673828 
23694.255859 
19360.851562 
18984.097656 
19122.833984 
19210.810547 
20411.589844 
20300.498047 
19051.396484 
19260.703125 
19608.138672 
19384.841797 
19262.910156 
19541.015625 
19739.511719 
19570.730469 
19259.925781 
18772.921875 
19562.490234 
19090.310547 
19594.039062 
22550.876953 
19213.703125 
19114.281250 
19096.900391 
19766.490234 
19402.861328 
19719.089844 
19834.919922 
22348.656250 
19407.597656 
19103.253906 
18904.462891 
19176.591797 
19579.621094 
19816.208984 
20401.765625 
19641.437500 
19720.164062 
19813.277344 
19713.666016 
19930.523438 
19193.183594 
21664.933594 
19496.269531 
19718.359375 
19292.941406 
19511.296875 
21964.492188 
21471.306641 
19686.707031 
19648.923828 
19986.738281 
19358.820312 
19173.882812 
19405.158203 
19145.833984 
22454.378906 
19486.119141 
19121.685547 
19474.423828 
20056.808594 
20375.296875 
19834.607422 
19919.476562 
22039.773438 
19303.433594 
19071.425781 
19244.824219 
19492.371094 
19866.097656 
20017.384766 
20214.730469 
19419.115234 
19487.171875 
19446.933594 
20117.970703 
20273.699219 
19906.416016 
19089.861328 
19941.636719 
22189.535156 
19239.892578 
21348.484375 
19044.824219 
19545.076172 
19332.703125 
19284.818359 
19679.353516 
20085.167969 
19754.687500 
19745.390625 
19489.855469 
19354.000000 
20249.873047 
22538.675781 
19494.601562 
20301.982422 
19761.677734 
19916.324219 
22186.847656 
21863.384766 
19657.296875 
19154.460938 
19547.150391 
19589.650391 
22974.238281 
19756.775391 
19452.244141 
19562.230469 
21723.382812 
21994.158203 
19623.808594 
19628.359375 
20442.687500 
20438.107422 
22473.406250 
20101.980469 
19630.566406 
19803.625000 
20399.300781 
20318.757812 
20114.207031 
20223.113281 
20103.121094 
20186.027344 
20435.066406 
19598.117188 
19584.376953 
22879.031250 
19980.359375 
20222.404297 
19920.900391 
19781.728516 
19798.652344 
22141.732422 
22339.789062 
21717.095703 
21739.269531 
19353.414062 
19437.289062 
19909.386719 
20366.992188 
20304.125000 
19689.203125 
19024.789062 
19542.714844 
20082.628906 
22090.115234 
21451.126953 
19297.226562 
19431.880859 
19815.818359 
20317.958984 
19717.210938 
20101.746094 
20080.953125 
20240.330078 
21738.128906 
19299.753906 
19223.507812 
21664.949219 
21224.785156 
20206.906250 
19575.943359 
19339.576172 
19631.261719 
19895.896484 
19785.537109 
19900.828125 
20023.210938 
21953.187500 
21418.328125 
21292.111328 
19202.367188 
19332.562500 
19880.835938 
19674.863281 
19514.367188 
20334.716797 
20516.273438 
20864.962891 
20903.394531 
20712.734375 
20061.937500 
19754.748047 
20087.804688 
20088.234375 
19982.529297 
19983.123047 
19822.761719 
20462.835938 
20780.205078 
19928.976562 
20084.328125 
20004.578125 
19710.365234 
20154.353516 
19706.636719 
20547.378906 
20169.960938 
19831.375000 
19930.486328 
19835.718750 
19701.523438 
20075.076172 
19747.792969 
19858.767578 
21241.585938 
20868.447266 
20843.490234 
20490.623047 
20471.429688 
20153.943359 
20887.738281 
20546.201172 
19475.515625 
19482.591797 
20701.253906 
20645.652344 
20706.335938 
20017.644531 
20035.910156 
20096.248047 
20117.820312 
20833.318359 
20126.675781 
19910.718750 
20250.656250 
20882.886719 
20438.464844 
19518.734375 
19914.242188 
20814.355469 
20385.214844 
20431.818359 
20598.515625 
20346.763672 
20101.062500 
20299.699219 
20035.406250 
19930.710938 
21173.421875 
21421.871094 
19942.726562 
20176.890625 
19592.279297 
20626.914062 
20393.125000 
20699.304688 
20772.246094 
19665.478516 
19463.480469 
19475.167969 
19783.363281 
20170.710938 
20689.148438 
20043.113281 
19902.740234 
19750.750000 
20055.816406 
20345.597656 
20365.900391 
20199.875000 
20378.384766 
20175.765625 
20524.335938 
20230.058594 
20922.515625 
20475.455078 
20672.017578 
20123.062500 
19767.984375 
20303.169922 
20112.160156 
20160.185547 
20341.886719 
20330.039062 
20093.644531 
20119.636719 
20153.136719 
20427.144531 
20030.761719 
20063.054688 
20231.074219 
20096.941406 
19790.570312 
20182.125000 
20389.914062 
20123.876953 
19827.656250 
19344.691406 
19777.626953 
19979.117188 
20043.050781 
20674.833984 
20113.304688 
20313.359375 
20060.830078 
20493.929688 
20469.585938 
20111.058594 
20254.685547 
20502.457031 
21039.843750 
20784.654297 
20153.070312 
20108.093750 
20038.212891 
19912.871094 
21208.345703 
20412.593750 
20139.574219 
19944.832031 
20119.675781 
20171.625000 
20156.232422 
20542.652344 
20322.533203 
19961.511719 
20020.648438 
19283.888672 
20252.871094 
20166.714844 
20433.070312 
20483.605469 
20573.005859 
19299.953125 
19915.964844 
20635.755859 
20646.136719 
20249.380859 
20754.583984 
20460.931641 
20199.035156 
20471.214844 
20787.316406 
20060.847656 
20061.810547 
20621.519531 
20691.628906 
20363.367188 
20463.976562 
20160.759766 
19250.261719 
19428.742188 
20417.011719 
20764.236328 
20414.726562 
20580.107422 
20399.626953 
20150.748047 
21022.335938 
20976.802734 
20051.714844 
20363.025391 
20515.525391 
20885.886719 
20568.107422 
20402.332031 
20255.019531 
19981.603516 
20384.681641 
20342.675781 
20558.326172 
20557.718750 
19965.953125 
19726.792969 
19922.253906 
19715.390625 
20598.199219 
20242.519531 
20273.460938 
20855.820312 
20119.828125 
20805.505859 
20212.138672 
20127.042969 
20066.957031 
20014.634766 
20135.615234 
19823.980469 
20177.632812 
20436.218750 
19843.113281 
19521.957031 
20446.937500 
20709.476562 
20150.605469 
20341.705078 
20304.988281 
20041.218750 
20467.892578 
20657.792969 
20528.628906 
20773.699219 
20012.189453 
20068.292969 
19610.324219 
19702.574219 
19958.906250 
19988.296875 
19737.927734 
19847.628906 
20112.335938 
20242.226562 
20366.138672 
20432.880859 
19872.267578 
19661.562500 
19737.486328 
20315.781250 
20078.679688 
19975.154297 
20340.623047 
20040.875000 
20386.929688 
20106.984375 
20174.800781 
20459.138672 
19911.466797 
19652.158203 
20097.269531 
20401.269531 
20010.183594 
20096.611328 
19999.941406 
19830.369141 
19951.925781 
20110.697266 
20579.878906 
20179.326172 
20260.384766 
20512.626953 
20230.984375 
19437.400391 
19250.898438 
20019.546875 
20830.117188 
21023.244141 
20397.486328 
20088.761719 
19746.382812 
20478.046875 
20275.140625 
20225.724609 
19890.554688 
20119.765625 
20007.119141 
20648.285156 
20567.701172 
20411.757812 
20407.390625 
20149.570312 
20208.343750 
20406.765625 
20393.613281 
19640.832031 
19655.164062 
19586.433594 
19863.037109 
19777.207031 
20060.765625 
20182.574219 
20480.839844 
20858.830078 
20322.718750 
19819.484375 
19700.277344 
19815.142578 
20564.009766 
20391.498047 
20285.078125 
20249.027344 
20618.869141 
19694.687500 
19694.291016 
19688.865234 
20330.714844 
20901.031250 
20237.957031 
19933.111328 
19761.425781 
19720.785156 
19963.871094 
20538.910156 
20401.472656 
20262.781250 
19676.234375 
19659.484375 
19648.398438 
20073.474609 
19722.013672 
20111.761719 
20266.640625 
20575.380859 
20247.867188 
20107.316406 
20090.675781 
20482.445312 
20508.277344 
20534.148438 
20231.339844 
19417.708984 
19716.626953 
20472.748047 
20915.750000 
19933.105469 
19431.544922 
19728.412109 
19905.886719 
19266.861328 
19459.371094 
20681.847656 
20314.753906 
20287.816406 
19309.560547 
19771.800781 
19960.539062 
20401.291016 
20195.580078 
20035.078125 
20085.144531 
20496.250000 
20143.472656 
20197.812500 
20193.294922 
20202.740234 
19985.839844 
19782.564453 
19385.908203 
19602.078125 
19322.937500 
19856.582031 
19955.589844 
20031.992188 
19777.271484 
19818.953125 
19631.496094 
19805.207031 
19491.687500 
19676.867188 
19971.216797 
19340.708984 
19230.656250 
20375.929688 
21070.283203 
19803.136719 
19629.638672 
19423.179688 
19448.734375 
19696.908203 
19984.871094 
20040.318359 
19816.113281 
20025.289062 
19468.585938 
19501.021484 
19840.339844 
19845.417969 
19761.269531 
19889.109375 
19771.355469 
19625.814453 
19186.570312 
19644.277344 
19687.542969 
19502.871094 
20419.246094 
19488.843750 
19751.414062 
20116.369141 
19558.058594 
19960.671875 
19217.445312 
19223.074219 
19098.175781 
19389.574219 
19056.759766 
19435.406250 
19855.933594 
20521.429688 
19730.939453 
19281.164062 
18884.625000 
19443.449219 
20309.435547 
20465.302734 
20264.585938 
19420.585938 
19385.554688 
19464.574219 
19602.695312 
20201.875000 
19937.054688 
20021.763672 
19598.722656 
19508.734375 
19363.757812 
19815.984375 
19856.480469 
19892.212891 
19528.656250 
19621.058594 
19494.332031 
19114.167969 
19312.406250 
19388.777344 
19627.687500 
20551.097656 
20086.501953 
19847.222656 
19925.617188 
19701.539062 
19088.164062 
19723.113281 
19731.281250 
19927.902344 
19550.203125 
19451.281250 
19615.878906 
19351.595703 
18923.847656 
19112.400391 
20133.738281 
19679.511719 
19368.511719 
19546.035156 
19596.628906 
19829.156250 
19699.121094 
19567.292969 
19305.480469 
19612.707031 
19553.699219 
19344.943359 
19613.167969 
19371.617188 
19474.207031 
19515.955078 
19584.597656 
19773.507812 
19947.937500 
19556.189453 
18634.878906 
19235.980469 
19825.365234 
20533.009766 
20036.917969 
18761.806641 
18272.822266 
19126.951172 
19976.281250 
19777.058594 
18868.771484 
18866.699219 
18944.480469 
19124.324219 
19429.089844 
19613.716797 
19414.804688 
19278.744141 
19362.130859 
19745.785156 
20009.359375 
18802.390625 
19075.882812 
19466.683594 
19783.238281 
19864.246094 
19502.820312 
19243.468750 
19416.990234 
19458.371094 
19691.242188 
19573.863281 
19406.312500 
19357.683594 
19333.087891 
19466.339844 
19283.599609 
19339.968750 
19303.070312 
19893.652344 
19983.160156 
19581.167969 
19114.685547 
19128.255859 
19426.605469 
19538.013672 
19930.599609 
19604.814453 
19173.468750 
19494.609375 
19604.960938 
19729.523438 
19914.548828 
20395.455078 
20988.136719 
19896.607422 
19694.652344 
19342.179688 
19384.091797 
19563.593750 
20042.369141 
19804.171875 
19446.666016 
18997.394531 
20361.968750 
20068.800781 
20270.152344 
19570.445312 
19543.074219 
19138.123047 
18689.490234 
19474.621094 
19638.640625 
19324.515625 
19286.765625 
19782.181641 
19324.324219 
19182.289062 
19327.220703 
19247.189453 
20123.654297 
19583.882812 
18908.656250 
19108.287109 
19103.531250 
19783.191406 
19776.417969 
19454.894531 
19229.785156 
19158.783203 
19176.570312 
19159.539062 
18907.820312 
19577.582031 
19700.601562 
20052.148438 
19320.476562 
19841.630859 
19686.609375 
19391.908203 
19452.630859 
19283.369141 
19626.054688 
19641.695312 
19461.765625 
19900.796875 
20585.515625 
19468.265625 
19010.279297 
19148.730469 
18830.355469 
19759.748047 
19990.279297 
19991.890625 
20356.783203 
19419.042969 
19334.187500 
19097.765625 
19361.773438 
19058.785156 
19385.574219 
19435.433594 
19382.630859 
19183.828125 
19150.318359 
19398.224609 
19734.429688 
18891.357422 
19171.878906 
19237.636719 
19040.162109 
19107.275391 
19044.132812 
19146.761719 
19196.984375 
19305.343750 
19571.158203 
19581.773438 
19553.806641 
18991.281250 
19564.113281 
19860.373047 
19757.929688 
19896.765625 
19523.414062 
19777.875000 
20163.238281 
20012.636719 
19750.718750 
20192.437500 
19921.281250 
19843.625000 
19502.669922 
19714.761719 
19833.410156 
19762.257812 
19524.613281 
19487.884766 
19612.019531 
20223.234375 
20094.859375 
19995.960938 
19596.474609 
20034.777344 
19930.023438 
20076.312500 
19678.744141 
19504.171875 
19430.632812 
19769.664062 
19632.521484 
19934.382812 
19834.458984 
19324.671875 
19533.876953 
20940.513672 
20658.917969 
19790.730469 
19940.996094 
19809.500000 
19800.921875 
19952.519531 
19922.089844 
19593.750000 
19528.279297 
19313.160156 
19983.873047 
19940.753906 
19753.029297 
19670.105469 
19588.027344 
20228.566406 
19809.054688 
19430.076172 
19337.046875 
19547.425781 
19840.167969 
19927.210938 
20337.800781 
19639.851562 
19757.414062 
19384.992188 
19208.455078 
19043.126953 
19292.333984 
19746.041016 
19951.302734 
19804.660156 
19478.746094 
20040.222656 
19544.171875 
19486.414062 
19277.277344 
19440.589844 
20122.855469 
20535.505859 
19792.326172 
19324.445312 
19307.089844 
19471.644531 
19621.679688 
19287.347656 
19364.789062 
19809.253906 
19971.527344 
19950.091797 
19964.173828 
19822.058594 
20059.851562 
19669.667969 
19727.638672 
19762.240234 
18835.125000 
19318.267578 
19654.941406 
19950.779297 
19692.207031 
19546.970703 
19579.101562 
19500.826172 
19972.617188 
20246.201172 
19707.433594 
19517.957031 
19467.609375 
19647.410156 
19871.119141 
19072.144531 
19093.773438 
19309.375000 
19874.367188 
19076.210938 
19710.939453 
19032.945312 
18877.582031 
18632.699219 
18686.562500 
20516.410156 
20380.351562 
19010.894531 
18865.714844 
18500.757812 
18568.539062 
18865.712891 
18456.724609 
19152.041016 
19281.240234 
18926.447266 
18485.341797 
19106.669922 
18986.826172 
19465.070312 
18955.388672 
18912.988281 
18459.513672 
18901.804688 
19185.625000 
19468.162109 
19196.833984 
18936.347656 
18756.714844 
19244.363281 
19043.160156 
18925.308594 
19430.187500 
19597.511719 
18981.804688 
18707.199219 
19092.300781 
19140.349609 
19363.000000 
19568.912109 
19641.564453 
18942.746094 
18731.619141 
19290.378906 
19894.914062 
20074.154297 
20589.007812 
18889.234375 
18867.888672 
19013.152344 
19299.449219 
19612.767578 
19657.314453 
19790.167969 
19012.601562 
19011.433594 
19027.777344 
19882.937500 
19428.554688 
19192.742188 
19393.751953 
18867.179688 
19074.523438 
18849.371094 
18970.160156 
19311.423828 
19047.179688 
19777.628906 
19489.519531 
19243.652344 
19238.195312 
19111.378906 
18779.265625 
19194.341797 
19458.304688 
19632.863281 
19608.207031 
19361.457031 
19396.095703 
19361.660156 
18833.242188 
18986.042969 
19303.871094 
19749.595703 
19352.027344 
19000.031250 
19424.281250 
19021.886719 
18622.691406 
18882.875000 
19260.457031 
18994.042969 
18557.265625 
18515.275391 
18991.521484 
19201.250000 
19087.539062 
19103.562500 
19618.517578 
19385.621094 
19010.140625 
17946.132812 
17867.982422 
18418.941406 
19870.353516 
19819.304688 
19737.121094 
18231.751953 
18300.058594 
19072.910156 
19296.253906 
19855.476562 
19938.787109 
19185.373047 
18429.214844 
18238.351562 
19025.376953 
19970.707031 
19495.519531 
19538.402344 
18715.511719 
19005.441406 
18520.230469 
20291.900391 
19822.458984 
19521.105469 
19028.136719 
18456.667969 
19422.617188 
20062.437500 
19695.470703 
19459.816406 
19999.798828 
17834.683594 
18222.542969 
19008.841797 
18731.384766 
19903.310547 
19299.273438 
19476.503906 
18957.296875 
18525.414062 
18523.931641 
18814.925781 
18916.835938 
18565.593750 
18479.640625 
18255.472656 
18209.515625 
18460.398438 
18825.910156 
18970.572266 
18765.304688 
18498.308594 
18162.044922 
18392.490234 
18123.658203 
18702.193359 
18491.576172 
18564.197266 
18328.144531 
18169.503906 
18490.761719 
18440.113281 
18855.285156 
19076.488281 
18818.298828 
19098.300781 
18882.626953 
19054.751953 
18623.214844 
18464.568359 
18838.199219 
18757.988281 
18511.470703 
18944.421875 
18946.519531 
19086.796875 
18565.214844 
18665.101562 
18818.054688 
18711.261719 
18615.531250 
18965.902344 
18781.847656 
18659.171875 
18415.613281 
18624.013672 
18373.898438 
18341.207031 
18871.660156 
19104.615234 
19186.156250 
18445.738281 
18139.218750 
18277.914062 
18765.636719 
18547.871094 
18248.056641 
18749.335938 
18748.519531 
18400.210938 
18884.281250 
17782.375000 
19325.054688 
19074.976562 
19268.029297 
19191.871094 
18348.021484 
18744.708984 
18006.968750 
18230.201172 
18354.562500 
18842.421875 
18504.908203 
18758.906250 
18854.378906 
18858.785156 
18919.113281 
18332.220703 
18212.859375 
18837.628906 
19137.056641 
19178.902344 
18920.841797 
18440.765625 
18687.660156 
19337.324219 
19860.123047 
18433.865234 
18537.007812 
18836.740234 
20367.015625 
19126.771484 
18248.355469 
18436.482422 
19220.179688 
20119.394531 
19602.484375 
18153.681641 
18332.753906 
18304.851562 
18404.978516 
19721.130859 
19814.820312 
18369.507812 
18286.328125 
18606.802734 
19056.244141 
19229.865234 
19249.556641 
18680.214844 
18663.449219 
19340.121094 
19284.787109 
19169.445312 
18953.439453 
18725.089844 
18738.341797 
18742.052734 
18400.662109 
18623.996094 
18857.892578 
18868.291016 
18563.628906 
18643.390625 
18635.039062 
19029.148438 
18954.585938 
18512.425781 
18794.744141 
19003.388672 
18151.531250 
19076.623047 
18847.015625 
18122.193359 
19202.261719 
18947.607422 
19051.033203 
18671.576172 
18679.142578 
18403.710938 
18567.886719 
19475.484375 
19011.916016 
18386.177734 
19116.179688 
18568.312500 
18513.333984 
18506.531250 
18719.851562 
18716.251953 
18721.000000 
20421.800781 
18493.039062 
18154.722656 
18490.689453 
19660.640625 
18751.253906 
19242.773438 
19268.816406 
18804.500000 
18359.562500 
19037.898438 
19257.074219 
18875.785156 
18902.392578 
18964.097656 
18971.066406 
18746.781250 
18415.726562 
19800.945312 
19668.839844 
18433.531250 
18371.613281 
19132.593750 
19158.031250 
18109.531250 
20207.708984 
19678.554688 
19205.515625 
19191.082031 
19071.710938 
18969.142578 
19584.316406 
19621.964844 
19510.578125 
19248.117188 
18846.945312 
19481.117188 
19019.753906 
19034.419922 
18574.074219 
18851.136719 
18856.472656 
18998.330078 
18365.714844 
19430.097656 
19718.974609 
19781.472656 
19307.394531 
18369.652344 
19078.562500 
18953.703125 
19987.375000 
19354.951172 
19266.328125 
19352.597656 
19244.425781 
19667.474609 
19175.783203 
19292.625000 
19363.093750 
20580.710938 
20228.648438 
20385.369141 
19836.880859 
19413.203125 
20140.218750 
20180.574219 
18865.101562 
18936.320312 
19078.886719 
19820.531250 
19935.054688 
19324.568359 
19630.957031 
19312.267578 
19724.878906 
19442.224609 
19258.085938 
19295.328125 
19443.626953 
19835.312500 
19838.828125 
19330.242188 
18753.417969 
19062.832031 
19206.818359 
19835.535156 
19619.042969 
19642.132812 
19040.160156 
18362.457031 
19192.984375 
19316.812500 
18944.701172 
18892.345703 
19611.140625 
19220.859375 
19329.878906 
19428.166016 
19029.960938 
19215.578125 
19385.968750 
19966.394531 
19575.939453 
18760.310547 
18723.033203 
19067.701172 
19947.609375 
20288.380859 
19927.207031 
18497.792969 
19748.292969 
20100.335938 
19974.574219 
19665.609375 
19808.082031 
20066.437500 
19923.855469 
19481.056641 
18740.843750 
19559.675781 
19387.632812 
19860.617188 
19173.449219 
19813.390625 
18837.750000 
20033.578125 
19315.226562 
19323.134766 
19468.625000 
18867.886719 
19757.234375 
19879.681641 
19674.326172 
19648.789062 
19743.523438 
19149.152344 
18970.605469 
19464.880859 
19512.449219 
19308.789062 
19005.572266 
19321.054688 
18995.029297 
19662.673828 
19049.384766 
18847.773438 
19170.779297 
19601.935547 
19429.158203 
18965.183594 
19542.468750 
19305.261719 
19009.779297 
19197.589844 
19299.792969 
19607.484375 
18669.564453 
19036.605469 
18941.929688 
18855.511719 
19071.712891 
19027.925781 
19194.902344 
19459.775391 
19186.732422 
18945.283203 
18803.781250 
18984.087891 
18835.214844 
19537.605469 
19183.968750 
18512.417969 
19012.914062 
19031.490234 
18779.634766 
18649.490234 
18679.417969 
19210.046875 
18622.425781 
18608.328125 
18708.347656 
18556.761719 
18870.542969 
18838.585938 
18755.798828 
19307.447266 
18682.429688 
19019.460938 
19140.136719 
18992.808594 
18803.480469 
18918.017578 
18949.367188 
18814.492188 
19171.531250 
18874.734375 
18783.843750 
18862.609375 
19176.707031 
19262.437500 
19192.527344 
18895.775391 
19032.800781 
19117.730469 
18837.466797 
19286.189453 
19782.335938 
19241.855469 
19352.033203 
19319.482422 
19131.421875 
19470.337891 
18599.298828 
19451.873047 
19758.490234 
19238.804688 
19554.568359 
19049.617188 
19112.011719 
19309.183594 
19154.714844 
18957.125000 
19332.732422 
19576.634766 
18932.957031 
19323.394531 
19500.750000 
18643.667969 
18980.238281 
19346.277344 
19744.816406 
19465.718750 
18446.382812 
18437.195312 
19084.503906 
18824.974609 
18942.015625 
19133.203125 
19034.628906 
19323.781250 
18552.855469 
18500.046875 
19063.552734 
19111.351562 
19348.042969 
19220.410156 
19386.931641 
19211.183594 
18896.109375 
18825.085938 
18875.656250 
19448.527344 
19116.476562 
19207.292969 
19158.826172 
19442.623047 
19176.996094 
19483.671875 
19236.617188 
18964.947266 
18907.953125 
18819.238281 
19012.679688 
18993.101562 
18798.951172 
18565.886719 
18762.851562 
19271.664062 
19779.375000 
19380.878906 
19024.500000 
19240.554688 
